    2  0   -4.84165390000000e-04
    2  1   -1.86987640000000e-10 1.19528010000000e-09
    2  2    2.43908370000000e-06-1.40010930000000e-06
    3  0    9.57122390000000e-07
    3  1    2.02839970000000e-06 2.48806640000000e-07
    3  2    9.04408620000000e-07-6.19230590000000e-07
    3  3    7.21153880000000e-07 1.41403690000000e-06
    4  0    5.40143330000000e-07
    4  1   -5.36367950000000e-07-4.73422660000000e-07
    4  2    3.50349320000000e-07 6.62868900000000e-07
    4  3    9.90258120000000e-07-2.01009910000000e-07
    4  4   -1.88488500000000e-07 3.08845320000000e-07
    5  0    6.84645140000000e-08
    5  1   -5.91213560000000e-08-9.55327470000000e-08
    5  2    6.53387490000000e-07-3.23778570000000e-07
    5  3   -4.51901710000000e-07-2.15096580000000e-07
    5  4   -2.95080090000000e-07 4.96700510000000e-08
    5  5    1.74971040000000e-07-6.69650210000000e-07
    6  0   -1.50003030000000e-07
    6  1   -7.61294300000000e-08 2.65588090000000e-08
    6  2    4.86483470000000e-08-3.73788020000000e-07
    6  3    5.79536680000000e-08 9.03035580000000e-09
    6  4   -8.62993030000000e-08-4.71669980000000e-07
    6  5   -2.67188990000000e-07-5.36523400000000e-07
    6  6    9.88549920000000e-09-2.37094600000000e-07
    7  0    9.09459760000000e-08
    7  1    2.75825590000000e-07 9.67770400000000e-08
    7  2    3.27876600000000e-07 9.40336580000000e-08
    7  3    2.50896490000000e-07-2.16625420000000e-07
    7  4   -2.75546190000000e-07-1.23863440000000e-07
    7  5    1.81275900000000e-09 1.77163600000000e-08
    7  6   -3.59038250000000e-07 1.51770200000000e-07
    7  7    1.25467650000000e-09 2.44337090000000e-08
    8  0    4.93049400000000e-08
    8  1    2.32834230000000e-08 5.91996050000000e-08
    8  2    7.87559670000000e-08 6.62487500000000e-08
    8  3   -2.08114510000000e-08-8.66613040000000e-08
    8  4   -2.44836900000000e-07 7.02875170000000e-08
    8  5   -2.51487520000000e-08 8.92490180000000e-08
    8  6   -6.51558430000000e-08 3.09240170000000e-07
    8  7    6.71574800000000e-08 7.46269360000000e-08
    8  8   -1.23892270000000e-07 1.20462600000000e-07
    9  0    2.67036060000000e-08
    9  1    1.46266380000000e-07 2.06502940000000e-08
    9  2    2.45294250000000e-08-3.37776760000000e-08
    9  3   -1.61924310000000e-07-7.51423170000000e-08
    9  4   -8.52535920000000e-09 1.92064230000000e-08
    9  5   -1.66622730000000e-08-5.43111330000000e-08
    9  6    6.26750040000000e-08 2.22425750000000e-07
    9  7   -1.18488620000000e-07-9.65853800000000e-08
    9  8    1.88425120000000e-07-3.14770700000000e-09
    9  9   -4.81247580000000e-08 9.66001540000000e-08
   10  0    5.38923590000000e-08
   10  1    8.36321100000000e-08-1.31957270000000e-07
   10  2   -9.19686990000000e-08-5.25065050000000e-08
   10  3   -6.03624680000000e-09-1.53609070000000e-07
   10  4   -8.41585390000000e-08-7.89088950000000e-08
   10  5   -4.93028220000000e-08-5.06439360000000e-08
   10  6   -3.74248740000000e-08-7.90154520000000e-08
   10  7    8.14222740000000e-09-3.05505810000000e-09
   10  8    4.06433620000000e-08-9.17612910000000e-08
   10  9    1.25450980000000e-07-3.75476110000000e-08
   10 10    1.00293050000000e-07-2.42656130000000e-08
   11  0   -4.93110890000000e-08
   11  1    1.42802120000000e-08-2.71710730000000e-08
   11  2    1.70005170000000e-08-9.77508400000000e-08
   11  3   -2.98266510000000e-08-1.48039420000000e-07
   11  4   -4.06230060000000e-08-6.30845860000000e-08
   11  5    3.82961250000000e-08 4.88908920000000e-08
   11  6   -1.59568040000000e-09 3.44668230000000e-08
   11  7    4.72191580000000e-09-8.95118100000000e-08
   11  8   -6.18434160000000e-09 2.41955870000000e-08
   11  9   -3.16835560000000e-08 4.19734670000000e-08
   11 10   -5.22168800000000e-08-1.83735770000000e-08
   11 11    4.58162270000000e-08-6.95263020000000e-08
   12  0    3.56054010000000e-08
   12  1   -5.39992060000000e-08-4.12596870000000e-08
   12  2    1.19115230000000e-08 3.19326560000000e-08
   12  3    3.85054110000000e-08 2.43385000000000e-08
   12  4   -6.89575900000000e-08 4.08240180000000e-09
   12  5    3.06904960000000e-08 8.00175170000000e-09
   12  6    3.25018220000000e-09 3.92265840000000e-08
   12  7   -1.86059030000000e-08 3.52068380000000e-08
   12  8   -2.57252650000000e-08 1.64445810000000e-08
   12  9    4.16314780000000e-08 2.52539360000000e-08
   12 10   -6.42584320000000e-09 3.06505030000000e-08
   12 11    1.13509250000000e-08-6.47185740000000e-09
   12 12   -2.35653800000000e-09-1.10447080000000e-08
   13  0    3.91286170000000e-08
   13  1   -5.36631510000000e-08 4.00677680000000e-08
   13  2    5.58228000000000e-08-6.27595880000000e-08
   13  3   -2.23906270000000e-08 9.76189450000000e-08
   13  4   -1.36946850000000e-09-1.34094050000000e-08
   13  5    5.78542860000000e-08 6.59265860000000e-08
   13  6   -3.56748690000000e-08-5.78421120000000e-09
   13  7    2.16780370000000e-09-7.35235450000000e-09
   13  8   -9.89055840000000e-09-9.65819580000000e-09
   13  9    2.45027810000000e-08 4.51528720000000e-08
   13 10    4.08520150000000e-08-3.72958110000000e-08
   13 11   -4.44949600000000e-08-4.49926770000000e-09
   13 12   -3.12983930000000e-08 8.80477440000000e-08
   13 13   -6.14647860000000e-08 6.86794660000000e-08
   14  0   -2.19966930000000e-08
   14  1   -1.93988920000000e-08 2.74769880000000e-08
   14  2   -3.58661760000000e-08-3.70185160000000e-09
   14  3    3.50356580000000e-08 2.13158440000000e-08
   14  4    1.57694970000000e-09-2.08648770000000e-08
   14  5    2.94498960000000e-08-1.68798870000000e-08
   14  6   -1.93762570000000e-08 2.79701010000000e-09
   14  7    3.74584470000000e-08-4.70643990000000e-09
   14  8   -3.46913760000000e-08-1.50840310000000e-08
   14  9    3.26849610000000e-08 2.86791640000000e-08
   14 10    3.87969710000000e-08-2.06942630000000e-09
   14 11    1.55017810000000e-08-3.90079270000000e-08
   14 12    8.51127140000000e-09-3.09900320000000e-08
   14 13    3.21600540000000e-08 4.51682570000000e-08
   14 14   -5.18811590000000e-08-4.97360140000000e-09
   15  0    4.55992210000000e-09
   15  1    1.17495700000000e-08 7.09822980000000e-09
   15  2   -2.03490870000000e-08-3.28831800000000e-08
   15  3    5.27354240000000e-08 1.42193460000000e-08
   15  4   -4.28013960000000e-08 8.16785830000000e-09
   15  5    1.41995990000000e-08 8.11339270000000e-09
   15  6    3.36213200000000e-08-3.75359270000000e-08
   15  7    5.99669580000000e-08 6.43982350000000e-09
   15  8   -3.24468750000000e-08 2.17865640000000e-08
   15  9    1.23066500000000e-08 3.77923760000000e-08
   15 10    1.05967150000000e-08 1.47667830000000e-08
   15 11   -8.93126950000000e-10 1.82845040000000e-08
   15 12   -3.25575960000000e-08 1.55000160000000e-08
   15 13   -2.85522250000000e-08-4.12507530000000e-09
   15 14    5.25846980000000e-09-2.44259160000000e-08
   15 15   -1.92360540000000e-08-4.94114950000000e-09
   16  0   -5.54558830000000e-09
   16  1    2.77905510000000e-08 3.43878080000000e-08
   16  2   -2.23979850000000e-08 2.59942700000000e-08
   16  3   -3.40391440000000e-08-2.37405140000000e-08
   16  4    4.04373850000000e-08 4.59978820000000e-08
   16  5   -1.45130070000000e-08-1.31192690000000e-09
   16  6    1.48418910000000e-08-3.46522440000000e-08
   16  7   -7.58669270000000e-09-8.45638670000000e-09
   16  8   -2.11190920000000e-08 5.60677520000000e-09
   16  9   -2.31668040000000e-08-3.90917780000000e-08
   16 10   -1.19930410000000e-08 1.19433630000000e-08
   16 11    1.92834630000000e-08-2.92956490000000e-09
   16 12    1.97328460000000e-08 6.88644850000000e-09
   16 13    1.37992060000000e-08 1.11371400000000e-09
   16 14   -1.91964980000000e-08-3.87818410000000e-08
   16 15   -1.45202480000000e-08-3.26971170000000e-08
   16 16   -3.73188760000000e-08 3.35408210000000e-09
   17  0    1.77419580000000e-08
   17  1   -2.75267480000000e-08-2.90391460000000e-08
   17  2   -1.82526710000000e-08 9.78594430000000e-09
   17  3    7.14623250000000e-09 7.96054100000000e-09
   17  4    7.91117790000000e-09 2.32201210000000e-08
   17  5   -1.75318240000000e-08 5.33618210000000e-09
   17  6   -1.41902790000000e-08-2.81952670000000e-08
   17  7    2.34817990000000e-08-6.02421030000000e-09
   17  8    3.78939860000000e-08 4.02025530000000e-09
   17  9    2.97848170000000e-09-2.89839720000000e-08
   17 10   -4.02604890000000e-09 1.78048570000000e-08
   17 11   -1.58712790000000e-08 1.02448080000000e-08
   17 12    2.89611740000000e-08 2.04046080000000e-08
   17 13    1.64052070000000e-08 2.05341640000000e-08
   17 14   -1.41285560000000e-08 1.13816630000000e-08
   17 15    5.31209940000000e-09 5.26678560000000e-09
   17 16   -3.01384700000000e-08 3.83647280000000e-09
   17 17   -3.40812030000000e-08-1.96228170000000e-08
   18  0    6.65701280000000e-09
   18  1    3.93740110000000e-09-3.91177800000000e-08
   18  2    1.25613000000000e-08 1.39838820000000e-08
   18  3   -4.20624780000000e-09-2.74071420000000e-09
   18  4    5.25361540000000e-08 2.01426840000000e-09
   18  5    7.25315710000000e-09 2.48247950000000e-08
   18  6    1.38846310000000e-08-1.44141260000000e-08
   18  7    6.69916580000000e-09 5.83603510000000e-09
   18  8    3.09901020000000e-08 2.22896830000000e-09
   18  9   -1.89867450000000e-08 3.63887600000000e-08
   18 10    5.10764440000000e-09-5.45736760000000e-09
   18 11   -7.86129940000000e-09 2.12465130000000e-09
   18 12   -2.94599410000000e-08-1.63123680000000e-08
   18 13   -6.33240460000000e-09-3.48659430000000e-08
   18 14   -8.06210120000000e-09-1.30169530000000e-08
   18 15   -4.05804620000000e-08-2.02162700000000e-08
   18 16    1.07941010000000e-08 6.84327370000000e-09
   18 17    3.54322030000000e-09 4.53185030000000e-09
   18 18    2.39123300000000e-09-1.08739020000000e-08
   19  0   -2.47102060000000e-09
   19  1   -9.04192790000000e-09-1.12056060000000e-09
   19  2    3.12963410000000e-08-3.93979700000000e-09
   19  3   -9.91619630000000e-09-2.48674100000000e-09
   19  4    1.51190020000000e-08-5.79451090000000e-09
   19  5    1.26578520000000e-08 2.69666220000000e-08
   19  6   -1.71504190000000e-09 1.75440960000000e-08
   19  7    7.40702070000000e-09-7.37826600000000e-09
   19  8    3.12262130000000e-08-1.07991400000000e-08
   19  9    3.33709610000000e-09 6.74079990000000e-09
   19 10   -3.31575860000000e-08-7.41033440000000e-09
   19 11    1.55668940000000e-08 1.07050350000000e-08
   19 12   -2.46883540000000e-09 8.87131390000000e-09
   19 13   -7.52942690000000e-09-2.80855150000000e-08
   19 14   -4.58174020000000e-09-1.31407620000000e-08
   19 15   -1.78222650000000e-08-1.41143150000000e-08
   19 16   -2.15767550000000e-08-6.82896710000000e-09
   19 17    2.91026350000000e-08-1.50053980000000e-08
   19 18    3.45457540000000e-08-9.51776040000000e-09
   19 19   -2.40906940000000e-09 4.79563270000000e-09
   20  0    1.97908470000000e-08
   20  1    8.49071910000000e-09 5.83199060000000e-09
   20  2    2.04896770000000e-08 1.38448650000000e-08
   20  3   -5.85217840000000e-09 3.51070690000000e-08
   20  4    5.43975900000000e-09-2.34536310000000e-08
   20  5   -1.19642910000000e-08-6.50937940000000e-09
   20  6    1.29059140000000e-08-9.40922550000000e-10
   20  7   -2.00587690000000e-08 6.14521960000000e-11
   20  8    5.34181430000000e-09 4.02143630000000e-09
   20  9    1.83380330000000e-08-6.46232070000000e-09
   20 10   -3.23079130000000e-08-5.89001600000000e-09
   20 11    1.46726880000000e-08-1.91490700000000e-08
   20 12   -6.42445940000000e-09 1.82015070000000e-08
   20 13    2.75001680000000e-08 6.98533040000000e-09
   20 14    1.18023860000000e-08-1.43908810000000e-08
   20 15   -2.59298890000000e-08-7.59217020000000e-10
   20 16   -1.19848660000000e-08 5.64566530000000e-11
   20 17    4.39042830000000e-09-1.35175610000000e-08
   20 18    1.47365710000000e-08-7.94309580000000e-10
   20 19   -3.20974670000000e-09 1.07116110000000e-08
   20 20    4.41200300000000e-09-1.19201560000000e-08
   21  0    7.71549300000000e-09
   21  1   -1.81746990000000e-08 2.70192970000000e-08
   21  2   -2.77838310000000e-09 4.60211100000000e-09
   21  3    1.99766680000000e-08 2.09479410000000e-08
   21  4   -5.94689700000000e-09 1.69530660000000e-08
   21  5    1.29599740000000e-09 4.87684450000000e-10
   21  6   -1.45583900000000e-08 4.88063470000000e-10
   21  7   -1.01586550000000e-08 4.78970380000000e-09
   21  8   -1.81095400000000e-08 3.51837780000000e-09
   21  9    1.62484250000000e-08 9.22609540000000e-09
   21 10   -1.10773510000000e-08-1.55605050000000e-09
   21 11    7.78437340000000e-09-3.56423720000000e-08
   21 12   -2.90057740000000e-09 1.51118990000000e-08
   21 13   -1.91125530000000e-08 1.38354940000000e-08
   21 14    2.02506410000000e-08 7.55835150000000e-09
   21 15    1.76156450000000e-08 1.05946800000000e-08
   21 16    7.86846950000000e-09-6.54350260000000e-09
   21 17   -6.76507510000000e-09-7.17540100000000e-09
   21 18    2.57198110000000e-08-1.09718490000000e-08
   21 19   -2.69750250000000e-08 1.66451250000000e-08
   21 20   -2.67377030000000e-08 1.61914580000000e-08
   21 21    8.31531870000000e-09-3.86061170000000e-09
   22  0   -1.08097250000000e-08
   22  1    1.35039240000000e-08-1.94958710000000e-09
   22  2   -2.39822310000000e-08-6.43800920000000e-10
   22  3    1.01501800000000e-08 1.25502340000000e-08
   22  4   -5.30077480000000e-09 1.76454210000000e-08
   22  5   -2.29129550000000e-09 1.04976140000000e-09
   22  6    9.33148850000000e-09-8.42365970000000e-09
   22  7    1.49152870000000e-08 4.15710960000000e-09
   22  8   -2.56373240000000e-08 2.59135360000000e-09
   22  9    6.25167790000000e-09 9.78399760000000e-09
   22 10    5.43648900000000e-09 2.40430710000000e-08
   22 11   -4.66584960000000e-09-1.71306540000000e-08
   22 12    2.84832090000000e-09-7.91856010000000e-09
   22 13   -1.70675360000000e-08 1.96191970000000e-08
   22 14    1.11708040000000e-08 7.81936680000000e-09
   22 15    2.57677510000000e-08 4.80450320000000e-09
   22 16    3.99154780000000e-10-6.96995900000000e-09
   22 17    8.80567750000000e-09-1.43541000000000e-08
   22 18    9.95988440000000e-09-1.62188920000000e-08
   22 19    1.38359540000000e-08-3.76204980000000e-09
   22 20   -1.66133600000000e-08 2.00847010000000e-08
   22 21   -2.50277120000000e-08 2.36556310000000e-08
   22 22   -9.64595130000000e-09 2.21698090000000e-09
   23  0   -2.24828450000000e-08
   23  1    8.23590100000000e-09 1.57823700000000e-08
   23  2   -1.47197240000000e-08-5.20473160000000e-09
   23  3   -2.32116570000000e-08-1.83748360000000e-08
   23  4   -2.36396550000000e-08 7.78053120000000e-09
   23  5    1.05344600000000e-09-1.12282440000000e-09
   23  6   -1.42878740000000e-08 1.55900730000000e-08
   23  7   -5.59534380000000e-09-1.93763920000000e-09
   23  8    5.05877590000000e-09-2.23297460000000e-09
   23  9    1.29833010000000e-10-1.49155060000000e-08
   23 10    1.50173580000000e-08-2.88471670000000e-09
   23 11    8.57669260000000e-09 1.66401270000000e-08
   23 12    1.67029020000000e-08-1.26976370000000e-08
   23 13   -1.14327650000000e-08-4.44367390000000e-09
   23 14    7.64092260000000e-09-2.46774240000000e-09
   23 15    1.84486460000000e-08-3.56614100000000e-09
   23 16    6.34493130000000e-09 1.14931490000000e-08
   23 17   -5.52644400000000e-09-1.25104430000000e-08
   23 18    8.34469990000000e-09-1.42048760000000e-08
   23 19   -5.37469270000000e-09 1.07317370000000e-08
   23 20    8.17967180000000e-09-5.34285060000000e-09
   23 21    1.53764310000000e-08 1.18221630000000e-08
   23 22   -1.77138630000000e-08 4.65772820000000e-09
   23 23    3.06200460000000e-09-1.04902970000000e-08
   24  0   -2.83733690000000e-09
   24  1   -2.76261120000000e-09-5.15991360000000e-09
   24  2   -1.14677650000000e-09 1.47276070000000e-08
   24  3   -3.90947400000000e-09-8.96771180000000e-09
   24  4    7.59741300000000e-09 3.32798640000000e-09
   24  5   -6.54259160000000e-09-2.03676470000000e-08
   24  6    3.71483740000000e-09 2.95601940000000e-09
   24  7   -4.48750380000000e-09 3.45554060000000e-09
   24  8    1.59802270000000e-08-5.07875320000000e-09
   24  9   -1.02412560000000e-08-1.86546370000000e-08
   24 10    9.93048330000000e-09 1.76980660000000e-08
   24 11    1.37858600000000e-08 1.87140550000000e-08
   24 12    1.17624610000000e-08-5.33257660000000e-09
   24 13   -3.06740530000000e-09 3.39388730000000e-09
   24 14   -1.98223990000000e-08-1.72541290000000e-09
   24 15    6.38175430000000e-09-1.58466780000000e-08
   24 16    9.16249660000000e-09 3.21288990000000e-09
   24 17   -1.23409120000000e-08-5.85708230000000e-09
   24 18   -1.12290640000000e-09-1.00145500000000e-08
   24 19   -4.27068890000000e-09-8.10935440000000e-09
   24 20   -4.90903430000000e-09 8.84099330000000e-09
   24 21    6.03383460000000e-09 1.35215560000000e-08
   24 22    3.67776640000000e-09-3.86230400000000e-09
   24 23   -6.37781530000000e-09-8.10340270000000e-09
   24 24    1.19289930000000e-08-3.72602320000000e-09
   25  0    4.61805230000000e-09
   25  1    4.62169180000000e-09-1.11033820000000e-08
   25  2    1.91914440000000e-08 7.85911230000000e-09
   25  3   -1.13743700000000e-08-1.61460720000000e-08
   25  4    9.30045120000000e-09-8.57690040000000e-12
   25  5   -9.05305080000000e-09-4.53532330000000e-09
   25  6    1.81400440000000e-08 4.13247320000000e-10
   25  7    8.09841920000000e-09-6.39094310000000e-09
   25  8    6.47135570000000e-09 1.83813200000000e-09
   25  9   -2.82940740000000e-08 2.02957950000000e-08
   25 10    1.00284660000000e-08-3.95891200000000e-09
   25 11    2.44558350000000e-09 9.48225780000000e-09
   25 12   -8.80729290000000e-09 1.24629430000000e-08
   25 13    7.49482210000000e-09-1.19969450000000e-08
   25 14   -2.07401430000000e-08 7.30107250000000e-09
   25 15   -4.29703880000000e-09-7.20129610000000e-09
   25 16    9.66885490000000e-10-1.29780440000000e-08
   25 17   -1.49617020000000e-08-3.20342040000000e-09
   25 18    7.44915270000000e-10-1.53910490000000e-08
   25 19    7.83725020000000e-09 9.80514370000000e-09
   25 20   -7.29738820000000e-09-4.01490720000000e-10
   25 21    1.07010260000000e-08 7.45512930000000e-09
   25 22   -1.33370120000000e-08 4.11101000000000e-09
   25 23    8.20183000000000e-09-1.18508740000000e-08
   25 24    3.98842720000000e-09-8.33429790000000e-09
   25 25    1.07692150000000e-08 4.33303960000000e-09
   26  0    8.20503640000000e-09
   26  1   -1.92752910000000e-09-6.94381860000000e-09
   26  2   -5.17237400000000e-10 1.35279150000000e-08
   26  3    9.92680730000000e-09 2.26072690000000e-09
   26  4    1.80130490000000e-08-1.75373960000000e-08
   26  5    8.99784960000000e-09 8.46929890000000e-09
   26  6    1.15594020000000e-08-9.97237510000000e-09
   26  7   -2.32447460000000e-09 2.87720550000000e-09
   26  8    4.11766040000000e-09 2.04327080000000e-09
   26  9   -1.14945700000000e-08 2.06145680000000e-09
   26 10   -1.38341040000000e-08-4.40035040000000e-09
   26 11   -2.06069650000000e-09 8.58316200000000e-10
   26 12   -1.72236970000000e-08 1.42330350000000e-09
   26 13    5.35403880000000e-10 1.33259140000000e-09
   26 14    8.33715870000000e-09 7.06279830000000e-09
   26 15   -1.37432810000000e-08 8.23074970000000e-09
   26 16    1.62950220000000e-09-5.85243610000000e-09
   26 17   -1.19393480000000e-08 8.25239200000000e-09
   26 18   -1.36282970000000e-08 5.19022540000000e-09
   26 19   -2.12738320000000e-09 3.32513530000000e-09
   26 20    6.60013810000000e-09-1.15364470000000e-08
   26 21   -8.98180860000000e-09 2.00927930000000e-09
   26 22    1.08721930000000e-08 7.16223370000000e-09
   26 23    1.23422730000000e-09 1.12494970000000e-08
   26 24    8.03083530000000e-09 1.45344580000000e-08
   26 25    3.71730880000000e-09-6.85468420000000e-10
   26 26    3.89271530000000e-10 1.95348650000000e-09
   27  0    4.09292670000000e-09
   27  1    4.08830660000000e-09-5.64208220000000e-10
   27  2    5.53693780000000e-09 8.13493770000000e-10
   27  3    4.37158740000000e-09 6.62838020000000e-09
   27  4    9.36120420000000e-10 9.60384520000000e-09
   27  5    1.57147060000000e-08 1.37767690000000e-08
   27  6    1.12531860000000e-09 7.63452430000000e-09
   27  7   -1.24263010000000e-08-2.64867930000000e-09
   27  8   -1.04767590000000e-08-1.05265790000000e-08
   27  9    9.22299850000000e-10 1.16574270000000e-08
   27 10   -1.39624020000000e-08-1.94456110000000e-11
   27 11    3.96486760000000e-09-8.57502100000000e-09
   27 12   -7.75813360000000e-09 7.35935750000000e-10
   27 13   -4.25923960000000e-09-3.79896250000000e-09
   27 14    1.76384600000000e-08 1.01157110000000e-08
   27 15   -2.12975190000000e-09 2.18138190000000e-09
   27 16    3.61812330000000e-09 3.42571600000000e-09
   27 17    3.45888220000000e-09 8.86753420000000e-10
   27 18   -2.96477300000000e-09 8.85496590000000e-09
   27 19   -1.28528590000000e-10-2.84393330000000e-09
   27 20   -8.86146130000000e-10 3.75402220000000e-09
   27 21    4.93726400000000e-09-6.79183410000000e-09
   27 22   -5.72345050000000e-09 3.58117970000000e-09
   27 23   -5.05503990000000e-09-1.01153710000000e-08
   27 24   -1.18239590000000e-10-2.22866860000000e-09
   27 25    1.20371320000000e-08 5.30149400000000e-09
   27 26   -6.55717900000000e-09-2.22773440000000e-09
   27 27    7.99772550000000e-09 1.01561780000000e-09
   28  0   -1.24721130000000e-08
   28  1   -6.20007580000000e-09 6.01271750000000e-09
   28  2   -1.49882690000000e-08-1.01311880000000e-08
   28  3    2.60744040000000e-09 1.26876170000000e-08
   28  4   -2.78565740000000e-10 3.82062290000000e-09
   28  5    1.01581570000000e-08-2.62229260000000e-09
   28  6   -3.08054200000000e-09 9.44870470000000e-09
   28  7   -1.04584120000000e-09 5.84164940000000e-09
   28  8   -3.80854500000000e-09-4.82999780000000e-09
   28  9    9.23020840000000e-09-8.98840790000000e-09
   28 10   -9.75423810000000e-09 8.86548200000000e-09
   28 11   -4.61057050000000e-09 8.85716970000000e-10
   28 12    1.12022150000000e-09 1.16822230000000e-08
   28 13    1.05556440000000e-09 7.22783110000000e-09
   28 14   -7.99845290000000e-09-1.23155950000000e-08
   28 15   -1.16873150000000e-08-2.49528990000000e-09
   28 16   -4.06252720000000e-09-1.31481280000000e-08
   28 17    1.30696590000000e-08-5.11821190000000e-09
   28 18    5.32417520000000e-09-4.20333440000000e-09
   28 19    5.98658060000000e-09 2.37000990000000e-08
   28 20   -1.42932290000000e-09 7.21094260000000e-09
   28 21    6.55947680000000e-09 6.40599170000000e-09
   28 22   -1.77317830000000e-09-6.62791430000000e-09
   28 23    5.60452720000000e-09 3.14146410000000e-09
   28 24    1.05972690000000e-08-1.34469720000000e-08
   28 25    6.39297120000000e-09-1.76689750000000e-08
   28 26    1.17740160000000e-08 3.89458870000000e-09
   28 27   -8.09993700000000e-09 1.06547080000000e-09
   28 28    7.11593210000000e-09 7.15478950000000e-09
   29  0   -3.49547960000000e-09
   29  1    6.16453260000000e-10-8.35459920000000e-09
   29  2   -5.24468810000000e-09-2.98161120000000e-09
   29  3    6.54086620000000e-10-1.05448550000000e-08
   29  4   -2.58168870000000e-08 6.96900560000000e-10
   29  5   -7.11321990000000e-09 1.43115360000000e-09
   29  6    1.25701240000000e-08 4.55594420000000e-09
   29  7   -4.17088890000000e-09-5.28182050000000e-09
   29  8   -1.46208410000000e-08 1.06134720000000e-08
   29  9   -2.21776700000000e-09-1.63579780000000e-09
   29 10    1.38464260000000e-08 4.47208440000000e-09
   29 11   -7.39757590000000e-09 7.23884110000000e-09
   29 12   -2.62848800000000e-09-2.94931180000000e-09
   29 13   -1.11189760000000e-09-1.99811270000000e-09
   29 14   -5.72609170000000e-09-3.23753890000000e-09
   29 15   -9.09107620000000e-09-7.46538060000000e-09
   29 16   -3.96472170000000e-10-1.48972610000000e-08
   29 17   -1.04974850000000e-09-3.97917080000000e-09
   29 18   -4.74148980000000e-09-4.33197730000000e-09
   29 19   -5.61246980000000e-09 5.77145250000000e-09
   29 20   -7.16178700000000e-09 4.76443030000000e-09
   29 21   -9.50742290000000e-09-5.28250380000000e-09
   29 22    1.22871080000000e-08-9.99816330000000e-10
   29 23   -2.60540070000000e-09 2.78609720000000e-09
   29 24    2.10305670000000e-10-2.56917870000000e-09
   29 25    6.03125560000000e-09 8.41656880000000e-09
   29 26    7.96191350000000e-09-6.83952450000000e-09
   29 27   -7.54664720000000e-09-8.85442000000000e-10
   29 28    9.83446390000000e-09-5.87473880000000e-09
   29 29    1.32462460000000e-08-5.41176600000000e-09
   30  0    9.41039710000000e-09
   30  1   -8.62247370000000e-10-4.55295130000000e-10
   30  2   -8.99833760000000e-09 3.96933300000000e-10
   30  3   -8.05823140000000e-10-1.47487840000000e-08
   30  4   -2.50456950000000e-09-9.82728050000000e-10
   30  5   -3.61548220000000e-09-5.36274260000000e-09
   30  6    3.00150760000000e-11 2.60287550000000e-09
   30  7    5.99137800000000e-09-8.38271070000000e-11
   30  8    1.58875230000000e-09 2.78231640000000e-09
   30  9   -9.55712920000000e-09-1.13211670000000e-08
   30 10    3.00241630000000e-09-6.44317410000000e-09
   30 11   -9.76298470000000e-09 9.47986660000000e-09
   30 12    1.51014900000000e-08-1.14798940000000e-08
   30 13    1.48579140000000e-08 1.80804410000000e-09
   30 14    5.21653380000000e-09 6.84548940000000e-09
   30 15   -2.91643500000000e-10-8.32968040000000e-11
   30 16   -9.40199550000000e-09 4.49216380000000e-09
   30 17   -6.34707890000000e-09-4.28147840000000e-09
   30 18   -1.19446990000000e-08-7.66318900000000e-09
   30 19   -1.29527730000000e-08 2.28687530000000e-09
   30 20   -4.30892840000000e-09 1.22457670000000e-08
   30 21   -1.09200030000000e-08-6.69661180000000e-09
   30 22   -4.52568050000000e-09-8.71767820000000e-09
   30 23    4.79463140000000e-09-9.63968800000000e-09
   30 24   -2.57301920000000e-09-2.82878060000000e-09
   30 25    3.14824530000000e-09-1.62799040000000e-08
   30 26    1.46509300000000e-09 1.22213760000000e-08
   30 27   -7.46393000000000e-09 1.25371440000000e-08
   30 28   -5.35197580000000e-09-7.60720470000000e-09
   30 29    4.01353000000000e-09 2.03864970000000e-09
   30 30    3.07644280000000e-09 7.60317460000000e-09
   31  0    5.00587110000000e-09
   31  1    6.74393230000000e-09-2.14876360000000e-08
   31  2    5.79659740000000e-09 4.85480580000000e-09
   31  3   -5.87410340000000e-09-1.21789320000000e-08
   31  4    1.33361170000000e-08-3.84374950000000e-09
   31  5   -5.94665420000000e-09 1.45212470000000e-09
   31  6   -1.74123880000000e-09 3.63489850000000e-09
   31  7    1.15705930000000e-09-1.29721090000000e-09
   31  8   -1.70877000000000e-09 2.19621060000000e-09
   31  9   -1.70009820000000e-09 5.46572580000000e-09
   31 10    2.33904730000000e-09-9.12114750000000e-09
   31 11   -1.98120420000000e-10 2.05695450000000e-08
   31 12    2.85149110000000e-09 4.09701040000000e-09
   31 13    9.51723510000000e-09 2.98709030000000e-09
   31 14   -4.99962150000000e-09 1.92265850000000e-09
   31 15    2.82990380000000e-09-2.12377040000000e-09
   31 16   -5.45396530000000e-09 5.57844060000000e-09
   31 17   -2.78457890000000e-09 7.07055580000000e-09
   31 18    3.67180530000000e-10 9.78899900000000e-10
   31 19    1.95838020000000e-09 4.51931340000000e-09
   31 20   -2.64257410000000e-09 7.75160670000000e-09
   31 21   -9.34836880000000e-09 6.65582920000000e-09
   31 22   -9.23041350000000e-09-1.11769330000000e-08
   31 23    7.49475690000000e-09 4.34075530000000e-09
   31 24   -3.59206170000000e-09-3.70701540000000e-09
   31 25   -1.65867090000000e-08-2.30967080000000e-09
   31 26   -1.24260680000000e-08 1.62057290000000e-09
   31 27   -1.16356870000000e-09 1.09707600000000e-08
   31 28    1.05895410000000e-08 2.64101110000000e-09
   31 29   -1.24895160000000e-09-2.42616250000000e-09
   31 30   -4.95477270000000e-10-7.12697020000000e-09
   31 31   -8.98420570000000e-09-9.37190420000000e-10
   32  0   -4.62503610000000e-09
   32  1   -3.93179380000000e-09-1.71922060000000e-10
   32  2    1.00640660000000e-08-4.77259170000000e-09
   32  3   -5.23346310000000e-09 1.83477320000000e-09
   32  4    2.05132950000000e-09-1.26461860000000e-08
   32  5    8.79455980000000e-09 6.37398030000000e-10
   32  6   -5.40304770000000e-09-1.01954570000000e-08
   32  7    1.48795170000000e-09 2.76264810000000e-09
   32  8    1.47571740000000e-08 4.62770960000000e-09
   32  9    7.90614340000000e-09 2.52998970000000e-09
   32 10   -6.50618980000000e-10-5.56493380000000e-09
   32 11   -5.19379370000000e-09 7.20277140000000e-09
   32 12   -1.44912620000000e-08 1.60437500000000e-08
   32 13    3.54492240000000e-09 5.81257920000000e-09
   32 14   -3.72907420000000e-09 2.01044880000000e-09
   32 15    5.61968690000000e-09-9.06753770000000e-09
   32 16    2.08765920000000e-09 3.81436950000000e-09
   32 17   -6.17800160000000e-09 9.79059780000000e-09
   32 18    1.22285150000000e-08-1.13510210000000e-09
   32 19    8.30161200000000e-10-2.88760980000000e-09
   32 20    2.97754880000000e-09 8.82724910000000e-10
   32 21   -2.08409720000000e-09 1.10206440000000e-08
   32 22   -1.12945050000000e-08-2.09360630000000e-09
   32 23    8.20341720000000e-09-1.40191190000000e-09
   32 24   -4.30021940000000e-09 1.55715140000000e-10
   32 25   -1.92554420000000e-08-6.28350120000000e-09
   32 26    5.30873890000000e-09-3.59837560000000e-09
   32 27   -4.34493790000000e-09-6.50817780000000e-09
   32 28    1.65078120000000e-09-5.37493420000000e-09
   32 29    4.21843650000000e-09 3.04296800000000e-09
   32 30   -6.32950410000000e-09 1.45721150000000e-09
   32 31   -6.09115990000000e-09 1.12931000000000e-09
   32 32    3.04493290000000e-09 2.16164710000000e-09
   33  0   -4.54927100000000e-10
   33  1   -4.82512200000000e-09-2.84194080000000e-10
   33  2   -5.94770980000000e-09 8.07702590000000e-10
   33  3   -6.11062660000000e-09 6.66595050000000e-09
   33  4   -3.66069020000000e-09 2.35004260000000e-09
   33  5   -1.45422390000000e-09 2.14822700000000e-09
   33  6   -1.17194840000000e-10-5.81560850000000e-09
   33  7   -6.07055400000000e-09 6.32862600000000e-10
   33  8   -2.79898100000000e-09 1.47104920000000e-08
   33  9    4.83197040000000e-09 6.45496700000000e-09
   33 10   -2.96845170000000e-09 3.51664690000000e-09
   33 11    3.14188540000000e-09-9.23858790000000e-09
   33 12   -1.83590140000000e-09 9.65960270000000e-09
   33 13    4.95314430000000e-09 4.89442230000000e-09
   33 14    4.63107190000000e-09 5.08546980000000e-09
   33 15   -3.51216990000000e-09-2.30092530000000e-09
   33 16    6.16303490000000e-09 5.71729780000000e-09
   33 17   -6.05933570000000e-09 1.23875080000000e-08
   33 18   -1.11774430000000e-08-3.37974630000000e-09
   33 19    8.28191050000000e-09 1.75689860000000e-09
   33 20   -3.62557580000000e-09-1.00911260000000e-08
   33 21    1.14658620000000e-09 5.47007280000000e-10
   33 22   -8.09020580000000e-09-1.50653700000000e-08
   33 23    8.91018330000000e-10-8.47368760000000e-09
   33 24    1.13192750000000e-08-8.10285080000000e-09
   33 25    4.65341330000000e-09-1.04971430000000e-08
   33 26    1.08008720000000e-08 4.30458870000000e-09
   33 27   -8.54944530000000e-10 1.44786700000000e-09
   33 28    1.75683230000000e-09-1.33700200000000e-09
   33 29   -1.59886390000000e-08 5.51016660000000e-09
   33 30   -6.96577930000000e-10-1.77140990000000e-08
   33 31    4.47261750000000e-09 2.23951440000000e-09
   33 32    5.72380190000000e-09-3.16105390000000e-09
   33 33   -7.85663940000000e-10 9.04428170000000e-09
   34  0   -6.43237620000000e-09
   34  1   -3.09905400000000e-09 5.22439920000000e-09
   34  2    1.09211550000000e-08 5.48929960000000e-09
   34  3    9.03242880000000e-09 8.06923260000000e-09
   34  4   -6.80628980000000e-09-1.82791970000000e-09
   34  5   -2.06333080000000e-09 7.22071620000000e-09
   34  6   -2.21630030000000e-09 7.14294570000000e-09
   34  7    2.15905920000000e-09-5.83014190000000e-09
   34  8   -1.60005280000000e-08 4.27581700000000e-09
   34  9   -9.79083670000000e-10 2.56091490000000e-09
   34 10   -9.83589830000000e-09 9.64167270000000e-10
   34 11   -2.73697380000000e-09 3.88843820000000e-10
   34 12    1.34921230000000e-08-4.90491060000000e-09
   34 13   -2.49410830000000e-09 1.61908260000000e-09
   34 14   -2.08121920000000e-09 8.81662190000000e-09
   34 15   -1.29252440000000e-10 7.06474110000000e-09
   34 16   -1.33168150000000e-10-1.81572090000000e-09
   34 17   -5.65896020000000e-09 3.14404330000000e-09
   34 18   -1.40580280000000e-08-5.20408900000000e-09
   34 19   -2.04971120000000e-09 5.85875720000000e-09
   34 20    3.60127500000000e-09-9.23760680000000e-09
   34 21   -1.69135190000000e-09-7.94931070000000e-09
   34 22   -3.03146240000000e-09 3.84913710000000e-09
   34 23   -1.48744550000000e-09-1.08880620000000e-08
   34 24    8.13148500000000e-09 4.83558180000000e-09
   34 25    7.64647180000000e-09-1.01310390000000e-08
   34 26    3.21332500000000e-09-1.31368930000000e-08
   34 27    1.30754630000000e-08-3.99804960000000e-09
   34 28   -1.45298530000000e-11-2.00778850000000e-08
   34 29    7.00605090000000e-09-4.41458770000000e-09
   34 30   -1.97631720000000e-08-1.76015630000000e-10
   34 31   -4.08654540000000e-09 3.03826260000000e-11
   34 32    8.11538360000000e-09 2.93984240000000e-09
   34 33    1.27394330000000e-08 3.80520820000000e-09
   34 34   -8.04057750000000e-09 2.09688130000000e-09
   35  0    5.31569590000000e-09
   35  1   -1.20657900000000e-08-9.83808730000000e-09
   35  2   -1.64656470000000e-08 2.16278120000000e-09
   35  3    2.86388350000000e-09 4.95763340000000e-09
   35  4   -1.85964500000000e-09 3.51015590000000e-09
   35  5   -4.98888940000000e-09-1.14577990000000e-08
   35  6    4.53836440000000e-10 8.06144800000000e-09
   35  7   -2.49622480000000e-09 1.74793850000000e-09
   35  8    6.12777230000000e-10 1.08135740000000e-08
   35  9   -2.71832750000000e-09-1.55252670000000e-09
   35 10   -4.27435330000000e-09 1.11348760000000e-08
   35 11    3.29921590000000e-09-9.78221970000000e-10
   35 12    8.45501510000000e-09-4.55954670000000e-09
   35 13   -2.73155990000000e-09 1.33262630000000e-09
   35 14   -6.85016130000000e-09-6.59545300000000e-09
   35 15   -1.71332300000000e-08 8.21754420000000e-09
   35 16   -6.45744930000000e-09-6.60867130000000e-09
   35 17    1.32214640000000e-09-9.31987310000000e-09
   35 18   -4.88719140000000e-09-1.06965450000000e-08
   35 19   -2.72719180000000e-10-4.13023050000000e-09
   35 20    1.58136870000000e-09 2.07950450000000e-09
   35 21    1.31627010000000e-08-5.62011180000000e-10
   35 22    5.38521670000000e-09 6.84424010000000e-09
   35 23   -9.43373320000000e-09-2.10745670000000e-09
   35 24    1.09144680000000e-09 5.49277800000000e-09
   35 25    6.68048530000000e-09 1.38458590000000e-09
   35 26   -4.84330890000000e-09 3.78031080000000e-09
   35 27    1.14126250000000e-08-1.35908700000000e-08
   35 28    7.88109600000000e-09-1.56287740000000e-08
   35 29    8.08749970000000e-09 3.32572700000000e-09
   35 30   -4.05642090000000e-09 3.44098740000000e-09
   35 31    7.43354670000000e-09 4.37895310000000e-09
   35 32   -4.03148690000000e-09-6.51523000000000e-09
   35 33    5.49024870000000e-09-2.88501770000000e-09
   35 34   -1.30930340000000e-09 2.12122900000000e-09
   35 35   -6.73580620000000e-09-4.91412410000000e-09
   36  0   -6.04916390000000e-09
   36  1   -2.25514230000000e-09 5.07973030000000e-09
   36  2   -6.90704320000000e-09-4.96551700000000e-09
   36  3   -2.41314300000000e-09-1.44748090000000e-08
   36  4    3.08323600000000e-12-3.68166980000000e-09
   36  5   -6.15623600000000e-09-7.73520660000000e-10
   36  6    1.06131850000000e-08-7.07313350000000e-09
   36  7   -4.70758820000000e-10 3.01795940000000e-09
   36  8    4.60511960000000e-09-5.88069700000000e-09
   36  9    2.59817830000000e-09-1.53337970000000e-09
   36 10    2.72891310000000e-09 7.90579750000000e-09
   36 11   -1.22868770000000e-09 4.22924040000000e-09
   36 12    1.15941370000000e-09-5.87669960000000e-09
   36 13   -6.76575580000000e-09 6.67524610000000e-09
   36 14   -1.00553960000000e-08-6.62960690000000e-09
   36 15    1.32224060000000e-09 3.18407980000000e-09
   36 16    4.01979740000000e-10 1.64600240000000e-09
   36 17    5.51651570000000e-09-7.41189320000000e-09
   36 18    9.87502140000000e-10 4.39193180000000e-09
   36 19   -6.10480010000000e-09-4.88383560000000e-09
   36 20   -5.70578540000000e-09 3.23529260000000e-09
   36 21    9.91793800000000e-09-5.21830890000000e-09
   36 22    3.44138210000000e-09 1.96715380000000e-09
   36 23   -1.37638010000000e-09 1.67078670000000e-09
   36 24    4.73555380000000e-10-5.19313230000000e-09
   36 25    3.67084560000000e-09 1.50873250000000e-08
   36 26    3.59669810000000e-09 9.18287250000000e-09
   36 27   -7.29730910000000e-09 8.62237920000000e-09
   36 28    2.15099310000000e-09-4.45158260000000e-09
   36 29    2.35806620000000e-09 4.88624670000000e-10
   36 30   -9.15937010000000e-09 6.82851950000000e-09
   36 31   -8.26933790000000e-09-4.02056350000000e-09
   36 32    1.12623730000000e-08 3.23250810000000e-09
   36 33    2.37295630000000e-09-4.08349690000000e-09
   36 34   -9.35267560000000e-09 4.66901370000000e-09
   36 35   -7.96498400000000e-10-1.26737050000000e-08
   36 36    3.01243610000000e-09-6.13136040000000e-09